image_width: 752
image_height: 480
camera_name: camera
camera_matrix:
  rows: 3
  cols: 3
  data: [1394.211027, 0.000000, 284.120647, 0.000000, 1393.281870, 213.859642, 0.000000, 0.000000, 1.000000]
distortion_model: plumb_bob
distortion_coefficients:
  rows: 1
  cols: 5
  data: [-0.211974, 0.077275, -0.004028, -0.004090, 0.000000]
rectification_matrix:
  rows: 3
  cols: 3
  data: [1.000000, 0.000000, 0.000000, 0.000000, 1.000000, 0.000000, 0.000000, 0.000000, 1.000000]
projection_matrix:
  rows: 3
  cols: 4
  data: [1364.386841, 0.000000, 279.770194, 0.000000, 0.000000, 1380.644165, 212.580934, 0.000000, 0.000000, 0.000000, 1.000000, 0.000000]